81
0      0
0      3750
0      7500
0      11250
0      15000
0      18750
0      22500
0      26250
0      30000
3750   0
3750   3750
3750   7500
3750   11250
3750   15000
3750   18750
3750   22500
3750   26250
3750   30000
7500   0
7500   3750
7500   7500
7500   11250
7500   15000
7500   18750
7500   22500
7500   26250
7500   30000
11250  0
11250  3750
11250  7500
11250  11250
11250  15000
11250  18750
11250  22500
11250  26250
11250  30000
15000  0
15000  3750
15000  7500
15000  11250
15000  15000
15000  18750
15000  22500
15000  26250
15000  30000
18750  0
18750  3750
18750  7500
18750  11250
18750  15000
18750  18750
18750  22500
18750  26250
18750  30000
22500  0
22500  3750
22500  7500
22500  11250
22500  15000
22500  18750
22500  22500
22500  26250
22500  30000
26250  0
26250  3750
26250  7500
26250  11250
26250  15000
26250  18750
26250  22500
26250  26250
26250  30000
30000  0
30000  3750
30000  7500
30000  11250
30000  15000
30000  18750
30000  22500
30000  26250
30000  30000